function [capVolatilityData] = readExcelCap( filename, formatData)

capVolatilityData.strikes = [1.75 2.00 2.25 2.50 3.00 3.50 4.00 5.00 6.00 7.00 8.00 10.0]'/100;

capVolatilityData.surface = ...
[66.22   67.6    60.85   58.54   55.37   53.24   51.17   49.59   47.79   45.99;
64.32   65.05   57.38   54.52   50.96   48.83   46.78   45.28   43.63   41.86;
63.5    63.58   54.92   51.42   47.52   45.32   43.26   41.8    40.25   38.51;
63.28   62.88   53.4    49.15   44.82   42.54   40.42   39.02   37.51   35.74;
63.65   62.3    51.56   45.97   41.07   38.59   36.36   34.92   33.52   31.69;
64.4    62.26   50.76   44.15   38.92   36.17   33.91   32.39   31.02   29.14;
65.2    62.41   50.43   43.09   37.81   34.86   32.53   30.98   29.58   27.72;
66.57   62.68   50.27   42.1    36.98   33.79   31.43   29.81   28.36   26.68;
67.63   62.94   50.28   41.7    36.9    33.58   31.28   29.55   28.1    26.58;
68.4    63.03   50.29   41.55   37.03   33.63   31.33   29.63   28.18   26.78;
68.93   63.06   50.27   41.41   37.18   33.73   31.51   29.78   28.3    26.98;
69.6    62.79   50.11   41.25   37.46   33.96   31.76   30.03   28.6    27.4]/100;

CapPaymentDate=datenum({'20/03/12','20/09/12','20/03/13','20/09/13','20/03/14','22/09/14','20/03/15','21/09/15','21/03/16','20/09/16','20/03/17','20/09/17','20/03/18','20/09/18','20/03/19','20/09/19','20/03/20','21/09/20','22/03/21','20/09/21'}, formatData);

capVolatilityData.payment_dates = CapPaymentDate;
capVolatilityData.maturities = [1	2	3	4	5	6	7	8	9	10]';
capVolatilityData.atm = [74.07	76.6400	66.4200	59.3700	52.2100	47.4500	43.5400	40.7700	38.1700	35.5500]'/100;

end

